    1    2    3    4    5    6    7    8    9   10   11   12   13   14   15

  1    0    3    0    8    9    0    9    0    0    0    5    0    4    0    0
  2    3    0    0    8    7    8    7    3    0    7    3    2    8    0    0
  3    0    4    0    0    0    0    0    9    7    6    0    1    0    0    0
  4    0    8    0    0    0    8    0    7    0    0    9    0    0    9    0
  5    0    7    6    0    0    0    0    0    8    8    0    0    3    0    2
  6    8    8    0    8    7    0    2    0    0    0    9    0    3    1    0
  7    0    0    2    0    3    2    0    8    8    4    8    0    0    0    3
  8    5    0    0    0    0    8    8    0    4    5    3    6    0    0    0
  9    6    7    0    0    8    0    0    4    0    0    6    0    0    0    7
 10    0    7    0    1    0    0    4    0    5    0    0    3    0    4    0
 11    5    0    0    9    7    0    0    3    0    0    0    0    9    0    0
 12    6    2    0    7    0    0    0    0    2    0    0    0    0    4    9
 13    0    8    0    0    3    0    0    0    0    0    9    0    0    4    3
 14    0    0    0    0    0    0    7    7    0    0    5    0    4    0    0
 15    0    7    3    6    2    0    3    0    0    9    2    0    3    0    0

Кратчайшие расстояния от вершины 15 до остальных вершин
      7       6       3       6       2       5       3       5       6       7       2       4       3       6       0 