    1    2    3    4    5    6    7    8    9   10

  1    0    0    0    7    0   10   13   12    5    0
  2    0    0    5   12    0    0    5    0    8    0
  3    0    5    0    5    0    0    0    0    0    0
  4    7   12    5    0    0    0    4   11    9    7
  5    0    0    0    0    0    0    0   14    0    9
  6   10    0    0    0    0    0   10    0    0    6
  7   13    5    0    4    0   10    0    5    0   13
  8   12    0    0   11   14    0    5    0   10    5
  9    5    8    0    9    0    0    0   10    0    2
 10    0    0    0    7    9    6   13    5    2    0

Кратчайшие расстояния от вершины 8 до остальных вершин
     12      10      14       9      14      11       5       0       7       5 